14
Identity
3 3
0 0 0
0 1 0
0 0 0
Edge Detection 1
3 3
1 0 -1
0 0 0
-1 0 1
Edge Detection 2
3 3
0 -1 0
-1 4 -1
0 -1 0
Edge Detection 3
3 3
-1 -1 -1
-1 8 -1
-1 -1 -1
Sharpen
3 3
0 -1 0
-1 5 -1
0 -1 0
Box Blur
3 3
0.111111 0.111111 0.111111
0.111111 0.111111 0.111111
0.111111 0.111111 0.111111
Gaussian Blur 3
3 3
0.0625 0.125 0.0625
0.125 0.25 0.125
0.0625 0.125 0.0625
Gaussian Blur 5
5 5
0.00390625 0.015625 0.0234375 0.015625 0.00390625
0.015625 0.0625 0.09375 0.0625 0.015625
0.0234375 0.09375 0.140625 0.09375 0.0234375
0.015625 0.0625 0.09375 0.0625 0.015625
0.00390625 0.015625 0.0234375 0.015625 0.00390625
Un Sharp Masking
5 5
-0.00390625 -0.015625 -0.0234375 -0.015625 -0.00390625
-0.015625 -0.0625 -0.09375 -0.0625 -0.015625
-0.0234375 -0.09375 -0.140625 -0.09375 -0.0234375
-0.00390625 -0.015625 -0.0234375 -0.015625 -0.00390625
-0.015625 -0.0625 -0.09375 -0.0625 -0.015625
Left Sobel
3 3
1 0 -1
2 0 -2
1 0 -1
Right Sobel
3 3
-1 0 1
-2 0 2
-1 0 1
Bottom Sobel
3 3
-1 -2 -1
0 0 0
1 2 1
Top Sobel
3 3
1 2 1
0 0 0
-1 -2 -1
Emboss
3 3
-2 -1 0
-1 1 1
0 1 2
